25
*
* *
* 2 4
4 * * 3
3 * 4 5 2
* 3 4 * * 1
4 * 5 * 9 6 7
* 8 6 1 * * 1 6
1 * 3 * 4 2 * * 2
2 3 2 5 2 Y 4 5 3 1
8 6 3 1 6 4 * 2 * 6 5
* 3 9 * 5 1 5 * 1 * 8 3
* Y 1 * B * 8 * * 3 5 * 6
* 5 3 2 * * * * * 4 7 2 1 7
4 R * 6 8 2 * 3 8 6 2 * * 6 1
7 3 7 * R 4 2 * 5 3 * 1 4 3 3 4
5 2 * 2 4 * 4 6 2 7 4 1 2 6 9 6 2
* 1 * 4 2 2 6 2 * 6 1 3 4 2 8 1 5 3
2 8 7 8 4 6 8 2 4 4 * 1 2 6 * * 3 2 5
3 1 9 2 6 * 4 4 * 2 6 4 5 3 3 7 3 6 8 3
* 7 6 * 1 5 3 7 3 9 7 1 3 8 5 * 5 2 4 4 7
* 5 2 8 5 6 1 2 5 8 1 6 7 4 4 1 1 4 2 2 2 9
2 1 6 4 4 * 3 2 4 9 1 * 8 1 * 1 * * 1 1 1 1 8
6 4 3 3 1 5 4 1 * 7 2 1 3 5 4 7 6 4 * 6 * 8 9 1
8 2 6 9 6 * 2 2 1 * 9 7 6 3 * B 9 * 1 8 2 9 1 8 9